4
10
12
13
14
20
26
30
36
42
48
54
55
61
67
69
71
73
75
77
79
81
83
85
87
89
91
93
95
98
100
102
104
106
109
111
117
118
121
123
126
129
132
134
136
138
140
142
146
147
148
149
150
151
152
153
154
155
156
157
158
159
160
161
162
163
164
165
166
167
168
170
172
174
176
178
180
182
184
186
188
190
193
198
200
202
204
206
208
211
213
215
217
221
222
226
229
231
233
235
237
239
242
244
246
247
248
249
250
251
252
253
254
255
256
257
258
259
260
261
262
263
264
265
266
267
268
269
270
271
272
273
276
280
282
284
286
288
290
292
294
296
299
302
305
308
310
312
315
317
319
321
325
327
329
331
333
336
340
342
344
346
348
350
352
354
356
357
358
359
360
361
362
363
364
365
366
367
368
369
371
374
376
378
380
382
384
386
387
389
391
393
395
397
399
401
403
405
407
409
411
414
417
419
421
423
425
428
430
434
436
438
440
441
443
444
446
447
448
449
450
451
452
453
454
455
456
457
458
459
460
461
462
463
464
465
466
467
468
469
470
471
472
473
474
475
476
477
478
479
480
481
482
483
484
485
486
487
488
489
490
491
494
497
500
506
511
515
520
522
525
528
532
535
540
543
544
546
550
551
558
566
571
573
575
577
579
581
583
585
587
589
591
593
597
599
601
603
608
613
618
625
631
637
640
643
645
648
651
654
657
659
661
663
665
667
669
671
673
675
677
679
681
684
686
688
690
692
701
703
705
707
709
711
713
715
718
721
722
724
726
727
728
729
730
731
732
733
734
735
736
737
738
739
740
741
742
743
744
745
746
747
748
749
750
751
752
753
754
755
756
757
758
759
760
761
762
763
764
766
772
780
782
785
787
791
798
800
802
804
810
812
814
819
821
823
825
827
829
831
834
837
838
839
840
841
842
843
844
845
846
847
848
850
852
854
857
858
859
860
861
862
863
866
868
870
872
874
877
879
881
883
886
888
891
893
895
897
900
902
904
906
909
911
913
916
918
922
924
926
928
930
932
934
936
938
940
942
948
950
952
954
956
959
962
964
966
968
970
972
974
976
978
980
982
984
986
988
990
992
995
1000
1001
1002
1003
1004
1005
1006
1007
1008
1009
1010
1011
1012
1013
1014
1015
1016
1017
1018
1019
1020
1021
1022
1023
1024
1025
1026
1028
1029
1030
1031
1032
1033
1034
1035
1036
1037
1038
1039
1040
1041
1042
1043
1044
1046
1048
1049
1052
1054
1056
1058
1060
1063
1067
1068
1069
1070
1071
1072
1075
1076
1077
1078
1079
1080
1081
1082
1084
1085
1086
1087
1090
1091
1092
1093
1095
1096
1098
1099
1101
1103
1105
1107
1109
1111
1113
1115
1118
1121
1124
1125
1129
1132
1137
1138
1139
1142
1143
1144
1145
1146
1147
1148
1149
1150
1151
1152
1153
1154
1155
1156
1157
1158
1159
1160
1161
1162
1163
1164
1165
1166
1167
1168
1169
1170
1171
1172
1173
1174
1175
1181
1187
1193
1200
1205
1212
1216
1221
1227
1236
1241
1247
1251
1256
1261
1265
1272
1277
1283
1288
1295
1299
1304
1306
1308
1310
1312
1317
1319
1321
1323
1325
1327
1330
1332
1334
1339
1341
1343
1345
1348
1351
1354
1356
1360
1362
1364
1367
1370
1373
1376
1379
1381
1384
1386
1388
1390
1391
1393
1395
1397
1399
1402
1404
1406
1408
1410
1412
1414
1418
1420
1422
1424
1425
1426
1427
1428
1429
1430
1431
1432
1433
1434
1435
1436
1437
1438
1439
1440
1442
1443
1444
1445
1446
1447
1448
1449
1450
1451
1452
1453
1454
1455
1456
1457
1458
1459
1460
1461
1462
1463
1464
1465
1466
1467
1468
1469
1470
1471
1472
1473
1474
1475
1476
1477
1478
1479
1480
1481
1482
1483
1484
1485
1486
1487
1488
1490
1493
1498
1503
1505
1507
1510
1512
1514
1516
1518
1520
1524
1526
1528
1530
1532
1534
1536
1538
1540
1543
1550
1552
1554
1555
1556
1557
1558
1559
1560
1561
1562
1563
1564
1565
1566
1567
1568
1569
1570
1571
1572
1573
1574
1575
1577
1578
1582
1584
1590
1593
1595
1598
1601
1602
1603
1604
1605
1607
1609
1611
1613
1616
1618
1622
1623
1624
1625
1626
1627
1628
1629
1630
1631
1632
1633
1634
1635
1636
1637
1639
1641
1643
1645
1647
1649
1651
1653
1655
1657
1658
1660
1663
1665
1667
1669
1671
1672
1674
1676
1678
1680
1682
1685
1687
1689
1691
1693
1695
1697
1700
1702
1704
1706
1708
1710
1712
1714
1716
1718
1720
1722
1724
1726
1729
1731
1733
1734
1737
1739
1741
1743
1745
1747
1749
1751
1752
1753
1754
1755
1756
1757
1758
1759
1760
1761
1762
1763
1764
1765
1766
1767
1768
1769
1770
1771
1772
1773
1774
1775
1776
1777
1778
1779
1780
1781
1782
1783
1784
1785
1786
1787
1788
1789
1790
1791
1792
1793
1794
1795
1796
1797
1798
1799
1800
1801
1802
1803
1811
1813
1815
1818
1821
1824
1831
1837
1842
1846
1850
1854
1856
1858
1861
1863
1866
1868
1870
1871
1872
1873
1874
1875
1876
1877
1879
1882
1883
1890
